      --startup

game:GetService("StarterGui"):SetCore("SendNotification", { 
	Title = "Made by..";
	Text = "sohaibrobloxking";
	Icon = ""})
Duration = 16;

wait(3)

game:GetService("StarterGui"):SetCore("SendNotification", { 
	Title = "Loading the Hub...";
	Text = "This might take a while...";
	Icon = ""})
Duration = 16;

local Library = loadstring(game:HttpGet("https://raw.githubusercontent.com/xHeptc/Kavo-UI-Library/main/source.lua"))()
local colors = {
    SchemeColor = Color3.fromRGB(0,0,255),
    Background = Color3.fromRGB(0, 0, 90),
    Header = Color3.fromRGB(0, 50, 50),
    TextColor = Color3.fromRGB(0,100,100),
    ElementColor = Color3.fromRGB(20, 20, 20)
}
local Window = Library.CreateLib("S_Core Hub", colors)
--guis
wait(1)
local Tab = Window:NewTab("Character")
local MainSection = Tab : NewSection("Humanoid")
wait(1)
local MainSection3 = Tab : NewSection("Backpack")
local MainSection2 = Tab : NewSection("Avatar")
local Tab2 = Window : NewTab("Scripts")
wait(3)
local Scripts1 = Tab2 : NewSection("Famous Scripts")
local Scripts2 = Tab2 : NewSection("Other Scripts")
wait(2)
local Tab3 = Window : NewTab("Hacks Esp")
local Cham = Tab3 : NewSection("Esp")
local Aims = Tab3 : NewSection("Aims")
wait(0.07)
local Tab4 = Window:NewTab("Other Hubs")
local FamousGuis = Tab4 : NewSection("Famous Hubs")
local RandomGuis = Tab4 : NewSection("Random Hubs")
local credits = Window:NewTab("Credits")
local credit = credits : NewSection("credit")


wait(1)
--main code

MainSection:NewTextBox("Speed", "Changes your speed", function(txt)
    game.Players.LocalPlayer.Character.Humanoid.WalkSpeed = txt
end)
wait(3)
MainSection:NewTextBox("Jumppower", "Same as speed But jumppower", function(txt)
    game.Players.LocalPlayer.Character.Humanoid.JumpPower = txt
end)
wait(1)
    FamousGuis : NewButton("Infinity Yield", "OP Admin command fe", function()
        loadstring(game:HttpGet('https://raw.githubusercontent.com/EdgeIY/infiniteyield/master/source'))()
        end)
    FamousGuis : NewButton("CMD X", "Famous Op Admins Commands fe script", function()
        loadstring(game:HttpGet("https://raw.githubusercontent.com/CMD-X/CMD-X/master/Source", true))()
        end)
    MainSection3 : NewButton("TP Tool", "Tp Tool Giver", function()
        mouse = game.Players.LocalPlayer:GetMouse()
        tool = Instance.new("Tool")
        tool.RequiresHandle = false
        tool.Name = "Click Teleport"
        tool.Activated : connect(function()
            local pos = mouse.Hit + Vector3.new(0, 2.5, 0)
            pos = CFrame.new(pos.X, pos.Y, pos.Z)
            game.Players.LocalPlayer.Character.HumanoidRootPart.CFrame = pos
            end)
        tool.Parent = game.Players.LocalPlayer.Backpack
        end)
    Scripts1 : NewButton("Invisible Fling", "?", function()
        loadstring(game:HttpGet('https://pastebin.com/raw/Lpn5rUDp', true))()
        end)
    Scripts2 : NewButton("Rejoin", "Rejoin the game.", function()
        game:GetService("TeleportService") : Teleport(game.PlaceId, game:GetService("Players").LocalPlayer)
        end)
    MainSection3 : NewButton("Uzi Gun", "Simple Uzi Gun Script", function()
        --Made by N3xul
local runDummyScript = function(f,scri)
    local oldenv = getfenv(f)
    local newenv = setmetatable({}, {
    __index = function(_, k)
    if k:lower() == 'script' then
    return scri
    else
    return oldenv[k]
    end
    end
    })
    setfenv(f, newenv)
    ypcall(function() f() end)
    end
    cors = {}
    mas = Instance.new("Model",game:GetService("Lighting")) 
    mas.Name = "CompiledModel"
    o1 = Instance.new("Tool")
    o2 = Instance.new("Part")
    o3 = Instance.new("Sound")
    o4 = Instance.new("Sound")
    o6 = Instance.new("Part")
    o7 = Instance.new("CylinderMesh")
    o8 = Instance.new("Part")
    o9 = Instance.new("BlockMesh")
    o10 = Instance.new("Part")
    o11 = Instance.new("BlockMesh")
    o12 = Instance.new("Part")
    o13 = Instance.new("Part")
    o14 = Instance.new("CylinderMesh")
    o15 = Instance.new("Part")
    o16 = Instance.new("SpecialMesh")
    o17 = Instance.new("Part")
    o18 = Instance.new("SpecialMesh")
    o19 = Instance.new("Part")
    o20 = Instance.new("IntValue")
    o21 = Instance.new("BlockMesh")
    o22 = Instance.new("Part")
    o23 = Instance.new("BlockMesh")
    o24 = Instance.new("Part")
    o25 = Instance.new("SpecialMesh")
    o26 = Instance.new("Part")
    o27 = Instance.new("SpecialMesh")
    o28 = Instance.new("Part")
    o29 = Instance.new("CylinderMesh")
    o30 = Instance.new("Part")
    o31 = Instance.new("CylinderMesh")
    o32 = Instance.new("Part")
    o33 = Instance.new("BlockMesh")
    o34 = Instance.new("Part")
    o35 = Instance.new("SpecialMesh")
    o36 = Instance.new("Part")
    o37 = Instance.new("CylinderMesh")
    o38 = Instance.new("Part")
    o39 = Instance.new("Sound")
    o40 = Instance.new("Sound")
    o41 = Instance.new("Part")
    o42 = Instance.new("CylinderMesh")
    o43 = Instance.new("Part")
    o44 = Instance.new("BlockMesh")
    o45 = Instance.new("Part")
    o46 = Instance.new("BlockMesh")
    o47 = Instance.new("ManualWeld")
    o48 = Instance.new("Part")
    o49 = Instance.new("BlockMesh")
    o50 = Instance.new("Part")
    o51 = Instance.new("CylinderMesh")
    o52 = Instance.new("ManualWeld")
    o53 = Instance.new("Part")
    o54 = Instance.new("BlockMesh")
    o55 = Instance.new("Part")
    o56 = Instance.new("BlockMesh")
    o57 = Instance.new("Part")
    o58 = Instance.new("BlockMesh")
    o59 = Instance.new("Part")
    o60 = Instance.new("BlockMesh")
    o61 = Instance.new("Part")
    o62 = Instance.new("CylinderMesh")
    o63 = Instance.new("Part")
    o64 = Instance.new("SpecialMesh")
    o65 = Instance.new("Part")
    o66 = Instance.new("SpecialMesh")
    o67 = Instance.new("Part")
    o68 = Instance.new("CylinderMesh")
    o69 = Instance.new("Part")
    o70 = Instance.new("BlockMesh")
    o71 = Instance.new("Part")
    o72 = Instance.new("CylinderMesh")
    o73 = Instance.new("Part")
    o74 = Instance.new("SpecialMesh")
    o75 = Instance.new("Part")
    o76 = Instance.new("SpecialMesh")
    o77 = Instance.new("Part")
    o78 = Instance.new("SpecialMesh")
    o79 = Instance.new("Part")
    o80 = Instance.new("CylinderMesh")
    o81 = Instance.new("Part")
    o82 = Instance.new("BlockMesh")
    o83 = Instance.new("Part")
    o84 = Instance.new("BlockMesh")
    o85 = Instance.new("Part")
    o86 = Instance.new("BlockMesh")
    o87 = Instance.new("Part")
    o88 = Instance.new("BlockMesh")
    o89 = Instance.new("Part")
    o90 = Instance.new("BlockMesh")
    o91 = Instance.new("Part")
    o92 = Instance.new("CylinderMesh")
    o93 = Instance.new("LocalScript")
    o94 = Instance.new("LocalScript")
    o95 = Instance.new("NumberValue")
    o96 = Instance.new("NumberValue")
    o97 = Instance.new("ScreenGui")
    o98 = Instance.new("Frame")
    o99 = Instance.new("TextLabel")
    o100 = Instance.new("Smoke")
    o101 = Instance.new("Smoke")
    o1.Name = "SUzi"
    o1.Parent = mas
    o2.Name = "Handle"
    o2.Parent = o1
    o2.BrickColor = BrickColor.new("Black")
    o2.Transparency = 1
    o2.Position = Vector3.new(59.75, 0.909995973, 191.800018)
    o2.Rotation = Vector3.new(-180, 1.23782713e-023, -180)
    o2.Anchored = true
    o2.CanCollide = false
    o2.FormFactor = Enum.FormFactor.Custom
    o2.Size = Vector3.new(0.200000003, 0.200000003, 0.200000003)
    o2.CFrame = CFrame.new(59.75, 0.909995973, 191.800018, -1, 2.55505469e-013, 2.16041589e-025, -2.55505469e-013, 0.999998093, 1.93267321e-012, 2.16041589e-025, -1.93267321e-012, -0.999998093)
    o2.BottomSurface = Enum.SurfaceType.Smooth
    o2.TopSurface = Enum.SurfaceType.Smooth
    o2.Color = Color3.new(0.105882, 0.164706, 0.207843)
    o2.Position = Vector3.new(59.75, 0.909995973, 191.800018)
    o3.Name = "Reload"
    o3.Parent = o2
    o3.SoundId = "http://www.roblox.com/asset/?id=95309699"
    o3.Volume = 1
    o4.Name = "Shoot"
    o4.Parent = o2
    o4.Pitch = 3
    o4.SoundId = "http://www.roblox.com/asset/?id=97852331"
    o6.Name = "Sil"
    o6.Parent = o1
    o6.Material = Enum.Material.SmoothPlastic
    o6.BrickColor = BrickColor.new("Black")
    o6.Position = Vector3.new(59.7909775, 1.38277197, 193.245148)
    o6.Rotation = Vector3.new(-90, 0, -0)
    o6.Anchored = true
    o6.FormFactor = Enum.FormFactor.Custom
    o6.Size = Vector3.new(0.200000048, 0.800000012, 0.200000003)
    o6.CFrame = CFrame.new(59.7909775, 1.38277197, 193.245148, 1, 0, 0, 0, 0, 1, 0, -1, -4.37113883e-008)
    o6.Color = Color3.new(0.105882, 0.164706, 0.207843)
    o6.Position = Vector3.new(59.7909775, 1.38277197, 193.245148)
    o7.Parent = o6
    o8.Name = "Mag2"
    o8.Parent = o1
    o8.BrickColor = BrickColor.new("Dark stone grey")
    o8.Position = Vector3.new(59.7968826, 0.367808998, 191.748718)
    o8.Rotation = Vector3.new(92.499733, -89.9072189, 92.5024033)
    o8.Anchored = true
    o8.CanCollide = false
    o8.Elasticity = 0
    o8.FormFactor = Enum.FormFactor.Custom
    o8.Size = Vector3.new(0.200000003, 0.638095081, 0.200000003)
    o8.CFrame = CFrame.new(59.7968826, 0.367808998, 191.748718, -1.51542963e-005, -0.000346757675, -0.999998689, 4.36454284e-005, 0.999998331, -0.000346757763, 0.99999696, -4.38391435e-005, -1.51381428e-005)
    o8.BottomSurface = Enum.SurfaceType.Smooth
    o8.TopSurface = Enum.SurfaceType.Smooth
    o8.Color = Color3.new(0.388235, 0.372549, 0.384314)
    o8.Position = Vector3.new(59.7968826, 0.367808998, 191.748718)
    o9.Parent = o8
    o9.Scale = Vector3.new(0.809523821, 1, 0.714285731)
    o10.Parent = o1
    o10.BrickColor = BrickColor.new("Black")
    o10.Position = Vector3.new(59.7963982, 0.963775992, 191.12471)
    o10.Rotation = Vector3.new(92.499733, -89.9072189, 92.5024033)
    o10.Anchored = true
    o10.CanCollide = false
    o10.Elasticity = 0
    o10.FormFactor = Enum.FormFactor.Symmetric
    o10.Size = Vector3.new(1, 1, 1)
    o10.CFrame = CFrame.new(59.7963982, 0.963775992, 191.12471, -1.51542963e-005, -0.000346757675, -0.999998689, 4.36454284e-005, 0.999998331, -0.000346757763, 0.99999696, -4.38391435e-005, -1.51381428e-005)
    o10.BottomSurface = Enum.SurfaceType.Smooth
    o10.TopSurface = Enum.SurfaceType.Smooth
    o10.Color = Color3.new(0.105882, 0.164706, 0.207843)
    o10.Position = Vector3.new(59.7963982, 0.963775992, 191.12471)
    o11.Parent = o10
    o11.Scale = Vector3.new(0.0476190485, 0.380952388, 0.190476194)
    o12.Name = "AimPart"
    o12.Parent = o1
    o12.BrickColor = BrickColor.new("Black")
    o12.Transparency = 1
    o12.Position = Vector3.new(59.7963028, 1.51867104, 190.408508)
    o12.Rotation = Vector3.new(-180, 1.23782713e-023, -180)
    o12.Anchored = true
    o12.CanCollide = false
    o12.FormFactor = Enum.FormFactor.Custom
    o12.Size = Vector3.new(0.200000003, 0.200000003, 0.200000003)
    o12.CFrame = CFrame.new(59.7963028, 1.51867104, 190.408508, -1, 2.55505469e-013, 2.16041589e-025, -2.55505469e-013, 0.999998093, 1.93267321e-012, 2.16041589e-025, -1.93267321e-012, -0.999998093)
    o12.BottomSurface = Enum.SurfaceType.Smooth
    o12.TopSurface = Enum.SurfaceType.Smooth
    o12.Color = Color3.new(0.105882, 0.164706, 0.207843)
    o12.Position = Vector3.new(59.7963028, 1.51867104, 190.408508)
    o13.Name = "SmokePart"
    o13.Parent = o1
    o13.BrickColor = BrickColor.new("Black")
    o13.Transparency = 1
    o13.Position = Vector3.new(59.7909317, 1.37609601, 193.662384)
    o13.Rotation = Vector3.new(90, -90, 0)
    o13.Anchored = true
    o13.CanCollide = false
    o13.FormFactor = Enum.FormFactor.Custom
    o13.Size = Vector3.new(0.200000003, 0.200000003, 0.200000003)
    o13.CFrame = CFrame.new(59.7909317, 1.37609601, 193.662384, -2.55505469e-013, -2.16041589e-025, -1, -0.999998093, -1.93267321e-012, -2.55505469e-013, 1.93267321e-012, 0.999998093, 2.16041589e-025)
    o13.BottomSurface = Enum.SurfaceType.Smooth
    o13.TopSurface = Enum.SurfaceType.Smooth
    o13.Color = Color3.new(0.105882, 0.164706, 0.207843)
    o13.Position = Vector3.new(59.7909317, 1.37609601, 193.662384)
    o14.Parent = o13
    o14.Scale = Vector3.new(0.600000024, 1, 0.600000024)
    o15.Name = "NoSight"
    o15.Parent = o1
    o15.BrickColor = BrickColor.new("Black")
    o15.Position = Vector3.new(59.7685661, 1.52071798, 192.186493)
    o15.Rotation = Vector3.new(92.499733, -89.9072189, 92.5024033)
    o15.Anchored = true
    o15.CanCollide = false
    o15.Elasticity = 0
    o15.FormFactor = Enum.FormFactor.Custom
    o15.Size = Vector3.new(0.200000003, 0.200000003, 0.200000003)
    o15.CFrame = CFrame.new(59.7685661, 1.52071798, 192.186493, -1.51542963e-005, -0.000346757675, -0.999998689, 4.36454284e-005, 0.999998331, -0.000346757763, 0.99999696, -4.38391435e-005, -1.51381428e-005)
    o15.BottomSurface = Enum.SurfaceType.Smooth
    o15.TopSurface = Enum.SurfaceType.Smooth
    o15.Color = Color3.new(0.105882, 0.164706, 0.207843)
    o15.Position = Vector3.new(59.7685661, 1.52071798, 192.186493)
    o16.Parent = o15
    o16.Scale = Vector3.new(0.333333343, 0.142857149, 0.095238097)
    o16.MeshType = Enum.MeshType.Wedge
    o17.Name = "NoSight"
    o17.Parent = o1
    o17.BrickColor = BrickColor.new("Black")
    o17.Position = Vector3.new(59.7963982, 1.486812, 192.186615)
    o17.Rotation = Vector3.new(-0.00321958517, 0.00275059137, -179.978378)
    o17.Anchored = true
    o17.CanCollide = false
    o17.Elasticity = 0
    o17.FormFactor = Enum.FormFactor.Custom
    o17.Size = Vector3.new(0.200000003, 0.200000003, 0.200000003)
    o17.CFrame = CFrame.new(59.7963982, 1.486812, 192.186615, -0.999998569, 0.000377276359, 4.80068738e-005, -0.000377273187, -0.99999845, 5.61921843e-005, 4.80578747e-005, 5.65051087e-005, 0.999996841)
    o17.BottomSurface = Enum.SurfaceType.Smooth
    o17.TopSurface = Enum.SurfaceType.Smooth
    o17.Color = Color3.new(0.105882, 0.164706, 0.207843)
    o17.Position = Vector3.new(59.7963982, 1.486812, 192.186615)
    o18.Parent = o17
    o18.Scale = Vector3.new(0.380952358, 0.190476194, 0.333333343)
    o18.MeshType = Enum.MeshType.Torso
    o19.Name = "NoSight"
    o19.Parent = o1
    o19.BrickColor = BrickColor.new("White")
    o19.Transparency = 1
    o19.Position = Vector3.new(59.7963982, 1.52467203, 192.476547)
    o19.Rotation = Vector3.new(-0.00322641456, -0.000993201276, 0.0216163192)
    o19.Anchored = true
    o19.CanCollide = false
    o19.Elasticity = 0
    o19.FormFactor = Enum.FormFactor.Custom
    o19.Size = Vector3.new(0.200000003, 0.200000003, 0.200000003)
    o19.CFrame = CFrame.new(59.7963982, 1.52467203, 192.476547, 0.999998569, -0.000377275399, -1.73346325e-005, 0.000377275835, 0.99999845, 5.63113936e-005, 1.73282169e-005, -5.65051087e-005, 0.999997079)
    o19.BottomSurface = Enum.SurfaceType.Smooth
    o19.TopSurface = Enum.SurfaceType.Smooth
    o19.Color = Color3.new(0.94902, 0.952941, 0.952941)
    o19.Position = Vector3.new(59.7963982, 1.52467203, 192.476547)
    o20.Name = "lenspart"
    o20.Parent = o19
    o21.Parent = o19
    o21.Scale = Vector3.new(0.095238097, 0.0476190485, 0.0476190485)
    o22.Name = "NoSight"
    o22.Parent = o1
    o22.BrickColor = BrickColor.new("Black")
    o22.Position = Vector3.new(59.7963982, 1.50163996, 192.528473)
    o22.Rotation = Vector3.new(-92.0970917, 89.9051285, 2.09262466)
    o22.Anchored = true
    o22.CanCollide = false
    o22.Elasticity = 0
    o22.FormFactor = Enum.FormFactor.Custom
    o22.Size = Vector3.new(0.200000003, 0.200000003, 0.200000003)
    o22.CFrame = CFrame.new(59.7963982, 1.50163996, 192.528473, 0.000420434255, -1.53624314e-005, 0.999998629, -0.999998271, -4.57315873e-005, 0.000420432887, 4.59104012e-005, -0.999996901, -1.53951878e-005)
    o22.BottomSurface = Enum.SurfaceType.Smooth
    o22.TopSurface = Enum.SurfaceType.Smooth
    o22.Color = Color3.new(0.105882, 0.164706, 0.207843)
    o22.Position = Vector3.new(59.7963982, 1.50163996, 192.528473)
    o23.Parent = o22
    o23.Scale = Vector3.new(0.285714269, 0.476190478, 0.095238097)
    o24.Name = "NoSight"
    o24.Parent = o1
    o24.BrickColor = BrickColor.new("Black")
    o24.Position = Vector3.new(59.8252106, 1.52071798, 192.186493)
    o24.Rotation = Vector3.new(-87.8741455, 89.9072189, 87.8717728)
    o24.Anchored = true
    o24.CanCollide = false
    o24.Elasticity = 0
    o24.FormFactor = Enum.FormFactor.Custom
    o24.Size = Vector3.new(0.200000003, 0.200000003, 0.200000003)
    o24.CFrame = CFrame.new(59.8252106, 1.52071798, 192.186493, 1.51542945e-005, -0.000407792773, 0.999998689, -4.36454284e-005, 0.999998331, 0.000407792832, -0.99999696, -4.38391435e-005, 1.51373351e-005)
    o24.BottomSurface = Enum.SurfaceType.Smooth
    o24.TopSurface = Enum.SurfaceType.Smooth
    o24.Color = Color3.new(0.105882, 0.164706, 0.207843)
    o24.Position = Vector3.new(59.8252106, 1.52071798, 192.186493)
    o25.Parent = o24
    o25.Scale = Vector3.new(0.333333343, 0.142857149, 0.095238097)
    o25.MeshType = Enum.MeshType.Wedge
    o26.Name = "NoSight"
    o26.Parent = o1
    o26.BrickColor = BrickColor.new("Black")
    o26.Position = Vector3.new(59.7963982, 1.52480197, 191.219437)
    o26.Rotation = Vector3.new(179.999252, 0.000992268557, -0.0240890589)
    o26.Anchored = true
    o26.CanCollide = false
    o26.Elasticity = 0
    o26.FormFactor = Enum.FormFactor.Custom
    o26.Size = Vector3.new(0.200000003, 0.200000003, 0.200000003)
    o26.CFrame = CFrame.new(59.7963982, 1.52480197, 191.219437, 0.999998629, 0.000420432829, 1.73183525e-005, 0.000420432421, -0.999998331, -1.31428005e-005, 1.73127555e-005, 1.33365193e-005, -0.99999696)
    o26.BottomSurface = Enum.SurfaceType.Smooth
    o26.TopSurface = Enum.SurfaceType.Smooth
    o26.Color = Color3.new(0.105882, 0.164706, 0.207843)
    o26.Position = Vector3.new(59.7963982, 1.52480197, 191.219437)
    o27.Parent = o26
    o27.MeshId = "http://www.roblox.com/asset/?id=3270017"
    o27.Scale = Vector3.new(0.0571428612, 0.0571428612, 0.0571428612)
    o27.MeshType = Enum.MeshType.FileMesh
    o28.Name = "NoSight"
    o28.Parent = o1
    o28.BrickColor = BrickColor.new("Black")
    o28.Position = Vector3.new(59.7202454, 1.47276294, 191.243576)
    o28.Rotation = Vector3.new(179.997513, -0.000881102751, 89.9818802)
    o28.Anchored = true
    o28.CanCollide = false
    o28.Elasticity = 0
    o28.FormFactor = Enum.FormFactor.Plate
    o28.Size = Vector3.new(1, 0.400000006, 1)
    o28.CFrame = CFrame.new(59.7202454, 1.47276294, 191.243576, 0.000316242484, -0.999998629, -1.53781439e-005, -0.999998331, -0.000316241261, -4.36454284e-005, 4.38391435e-005, 1.5393849e-005, -0.99999696)
    o28.BottomSurface = Enum.SurfaceType.Smooth
    o28.TopSurface = Enum.SurfaceType.Smooth
    o28.Color = Color3.new(0.105882, 0.164706, 0.207843)
    o28.Position = Vector3.new(59.7202454, 1.47276294, 191.243576)
    o29.Parent = o28
    o29.Scale = Vector3.new(0.190476194, 0.095238097, 0.190476194)
    o30.Name = "NoSight"
    o30.Parent = o1
    o30.BrickColor = BrickColor.new("Black")
    o30.Position = Vector3.new(59.7202454, 1.47264397, 192.52829)
    o30.Rotation = Vector3.new(179.997513, -0.000881102751, 89.9818802)
    o30.Anchored = true
    o30.CanCollide = false
    o30.Elasticity = 0
    o30.FormFactor = Enum.FormFactor.Plate
    o30.Size = Vector3.new(1, 0.400000006, 1)
    o30.CFrame = CFrame.new(59.7202454, 1.47264397, 192.52829, 0.000316242484, -0.999998629, -1.53781439e-005, -0.999998331, -0.000316241261, -4.36454284e-005, 4.38391435e-005, 1.5393849e-005, -0.99999696)
    o30.BottomSurface = Enum.SurfaceType.Smooth
    o30.TopSurface = Enum.SurfaceType.Smooth
    o30.Color = Color3.new(0.105882, 0.164706, 0.207843)
    o30.Position = Vector3.new(59.7202454, 1.47264397, 192.52829)
    o31.Parent = o30
    o31.Scale = Vector3.new(0.190476194, 0.095238097, 0.190476194)
    o32.Parent = o1
    o32.BrickColor = BrickColor.new("Black")
    o32.Position = Vector3.new(59.7963982, 1.20182598, 191.338531)
    o32.Rotation = Vector3.new(92.499733, -89.9072189, 92.5024033)
    o32.Anchored = true
    o32.CanCollide = false
    o32.Elasticity = 0
    o32.FormFactor = Enum.FormFactor.Symmetric
    o32.Size = Vector3.new(1, 1, 1)
    o32.CFrame = CFrame.new(59.7963982, 1.20182598, 191.338531, -1.51542963e-005, -0.000346757675, -0.999998689, 4.36454284e-005, 0.999998331, -0.000346757763, 0.99999696, -4.38391435e-005, -1.51381428e-005)
    o32.BottomSurface = Enum.SurfaceType.Smooth
    o32.TopSurface = Enum.SurfaceType.Smooth
    o32.Color = Color3.new(0.105882, 0.164706, 0.207843)
    o32.Position = Vector3.new(59.7963982, 1.20182598, 191.338531)
    o33.Parent = o32
    o33.Scale = Vector3.new(0.571428597, 0.095238097, 0.190476194)
    o34.Parent = o1
    o34.BrickColor = BrickColor.new("Black")
    o34.Position = Vector3.new(59.7963982, 0.96371001, 191.076248)
    o34.Rotation = Vector3.new(-0.00321958517, 0.00275059137, -179.978378)
    o34.Anchored = true
    o34.CanCollide = false
    o34.Elasticity = 0
    o34.FormFactor = Enum.FormFactor.Symmetric
    o34.Size = Vector3.new(1, 1, 1)
    o34.CFrame = CFrame.new(59.7963982, 0.96371001, 191.076248, -0.999998569, 0.000377276359, 4.80068738e-005, -0.000377273187, -0.99999845, 5.61921843e-005, 4.80578747e-005, 5.65051087e-005, 0.999996841)
    o34.BottomSurface = Enum.SurfaceType.Smooth
    o34.TopSurface = Enum.SurfaceType.Smooth
    o34.Color = Color3.new(0.105882, 0.164706, 0.207843)
    o34.Position = Vector3.new(59.7963982, 0.96371001, 191.076248)
    o35.Parent = o34
    o35.Scale = Vector3.new(0.190476194, 0.380952388, 0.0476190485)
    o35.MeshType = Enum.MeshType.Wedge
    o36.Parent = o1
    o36.BrickColor = BrickColor.new("Black")
    o36.Position = Vector3.new(59.7963982, 1.37784398, 192.862396)
    o36.Rotation = Vector3.new(-92.0970917, 89.9051285, 2.09262466)
    o36.Anchored = true
    o36.CanCollide = false
    o36.Elasticity = 0
    o36.FormFactor = Enum.FormFactor.Symmetric
    o36.Size = Vector3.new(1, 1, 1)
    o36.CFrame = CFrame.new(59.7963982, 1.37784398, 192.862396, 0.000420434255, -1.53624314e-005, 0.999998629, -0.999998271, -4.57315873e-005, 0.000420432887, 4.59104012e-005, -0.999996901, -1.53951878e-005)
    o36.BottomSurface = Enum.SurfaceType.Smooth
    o36.TopSurface = Enum.SurfaceType.Smooth
    o36.Color = Color3.new(0.105882, 0.164706, 0.207843)
    o36.Position = Vector3.new(59.7963982, 1.37784398, 192.862396)
    o37.Parent = o36
    o37.Scale = Vector3.new(0.095238097, 0.285714298, 0.095238097)
    o38.Name = "HandleD"
    o38.Parent = o1
    o38.Transparency = 1
    o38.Position = Vector3.new(59.7963982, 0.924808025, 191.510574)
    o38.Rotation = Vector3.new(179.999252, -0.000881762127, 179.978378)
    o38.Anchored = true
    o38.CanCollide = false
    o38.Elasticity = 0
    o38.FormFactor = Enum.FormFactor.Plate
    o38.Size = Vector3.new(1, 0.400000006, 1)
    o38.CFrame = CFrame.new(59.7963982, 0.924808025, 191.510574, -0.999998629, -0.000377275224, -1.53896526e-005, -0.00037727438, 0.999998331, -1.31278994e-005, 1.53945912e-005, -1.33365193e-005, -0.99999696)
    o38.BottomSurface = Enum.SurfaceType.Smooth
    o38.FrontSurface = Enum.SurfaceType.Universal
    o38.TopSurface = Enum.SurfaceType.Smooth
    o38.Position = Vector3.new(59.7963982, 0.924808025, 191.510574)
    o39.Name = "Fire"
    o39.Parent = o38
    o39.Pitch = 1.3500000238419
    o39.SoundId = "http://www.roblox.com/asset/?id=97852331"
    o39.Volume = 0.25
    o40.Name = "Reload"
    o40.Parent = o38
    o40.SoundId = "http://www.roblox.com/asset/?id=95309699"
    o40.Volume = 0.10000000149012
    o41.Name = "Cylinder"
    o41.Parent = o1
    o41.BrickColor = BrickColor.new("Really black")
    o41.Position = Vector3.new(59.7963982, 1.37777805, 193.014389)
    o41.Rotation = Vector3.new(87.36203, -89.9051285, -2.63255858)
    o41.Anchored = true
    o41.CanCollide = false
    o41.Elasticity = 0
    o41.FormFactor = Enum.FormFactor.Plate
    o41.Size = Vector3.new(1, 0.400000006, 1)
    o41.CFrame = CFrame.new(59.7963982, 1.37777805, 193.014389, 0.000334117154, 1.53624314e-005, -0.999998629, -0.999998271, 4.57315873e-005, -0.000334115815, 4.59104012e-005, 0.999996901, 1.53940309e-005)
    o41.BottomSurface = Enum.SurfaceType.Smooth
    o41.TopSurface = Enum.SurfaceType.Smooth
    o41.Color = Color3.new(0.0666667, 0.0666667, 0.0666667)
    o41.Position = Vector3.new(59.7963982, 1.37777805, 193.014389)
    o42.Parent = o41
    o42.Offset = Vector3.new(0, -0.0185714271, 0)
    o42.Scale = Vector3.new(0.0666666627, 0.0476190485, 0.0666666627)
    o43.Name = "Mag1"
    o43.Parent = o1
    o43.BrickColor = BrickColor.new("Dark stone grey")
    o43.Position = Vector3.new(59.7968826, 0.520928979, 191.74855)
    o43.Rotation = Vector3.new(92.499733, -89.9072189, 92.5024033)
    o43.Anchored = true
    o43.CanCollide = false
    o43.Elasticity = 0
    o43.FormFactor = Enum.FormFactor.Custom
    o43.Size = Vector3.new(0.200000003, 0.476190478, 0.200000003)
    o43.CFrame = CFrame.new(59.7968826, 0.520928979, 191.74855, -1.51542963e-005, -0.000346757675, -0.999998689, 4.36454284e-005, 0.999998331, -0.000346757763, 0.99999696, -4.38391435e-005, -1.51381428e-005)
    o43.BottomSurface = Enum.SurfaceType.Smooth
    o43.TopSurface = Enum.SurfaceType.Smooth
    o43.Color = Color3.new(0.388235, 0.372549, 0.384314)
    o43.Position = Vector3.new(59.7968826, 0.520928979, 191.74855)
    o44.Parent = o43
    o44.Scale = Vector3.new(0.809523821, 1, 0.714285731)
    o45.Parent = o1
    o45.BrickColor = BrickColor.new("Black")
    o45.Position = Vector3.new(59.7963982, 1.28275597, 192.362503)
    o45.Rotation = Vector3.new(-92.0970917, 89.9051285, 2.09262466)
    o45.Anchored = true
    o45.CanCollide = false
    o45.Elasticity = 0
    o45.FormFactor = Enum.FormFactor.Symmetric
    o45.Size = Vector3.new(1, 1, 1)
    o45.CFrame = CFrame.new(59.7963982, 1.28275597, 192.362503, 0.000420434255, -1.53624314e-005, 0.999998629, -0.999998271, -4.57315873e-005, 0.000420432887, 4.59104012e-005, -0.999996901, -1.53951878e-005)
    o45.BottomSurface = Enum.SurfaceType.Smooth
    o45.TopSurface = Enum.SurfaceType.Smooth
    o45.Color = Color3.new(0.105882, 0.164706, 0.207843)
    o45.Position = Vector3.new(59.7963982, 1.28275597, 192.362503)
    o46.Parent = o45
    o46.Scale = Vector3.new(0.095238097, 0.523809552, 0.238095239)
    o47.Name = "Part-to-Port Strong Joint"
    o47.Parent = o45
    o47.C0 = CFrame.new(-0.5, 0.5, 0.5, -1, 0, 0, 0, 0, 1, 0, 1, -0)
    o47.C1 = CFrame.new(-0.567365646, 0.454582214, 0.15675354, -0.965815187, -0.259224743, 4.81826173e-005, -0.259224653, 0.965815544, -3.01207638e-006, -4.59400871e-005, -1.53690817e-005, -0.999996901)
    o47.Part0 = o45
    o47.Part1 = o87
    o48.Parent = o1
    o48.BrickColor = BrickColor.new("Black")
    o48.Position = Vector3.new(59.7963982, 1.35372806, 191.88652)
    o48.Rotation = Vector3.new(87.36203, -89.9051285, -2.63255858)
    o48.Anchored = true
    o48.CanCollide = false
    o48.Elasticity = 0
    o48.FormFactor = Enum.FormFactor.Symmetric
    o48.Size = Vector3.new(1, 1, 1)
    o48.CFrame = CFrame.new(59.7963982, 1.35372806, 191.88652, 0.000334117154, 1.53624314e-005, -0.999998629, -0.999998271, 4.57315873e-005, -0.000334115815, 4.59104012e-005, 0.999996901, 1.53940309e-005)
    o48.BottomSurface = Enum.SurfaceType.Smooth
    o48.TopSurface = Enum.SurfaceType.Smooth
    o48.Color = Color3.new(0.105882, 0.164706, 0.207843)
    o48.Position = Vector3.new(59.7963982, 1.35372806, 191.88652)
    o49.Parent = o48
    o49.Scale = Vector3.new(0.238095239, 1.47619045, 0.190476194)
    o50.Parent = o1
    o50.BrickColor = BrickColor.new("Black")
    o50.Position = Vector3.new(59.7963982, 1.23474205, 192.362595)
    o50.Rotation = Vector3.new(-92.0970917, 89.9051285, 2.09262466)
    o50.Anchored = true
    o50.CanCollide = false
    o50.Elasticity = 0
    o50.FormFactor = Enum.FormFactor.Symmetric
    o50.Size = Vector3.new(1, 1, 1)
    o50.CFrame = CFrame.new(59.7963982, 1.23474205, 192.362595, 0.000420434255, -1.53624314e-005, 0.999998629, -0.999998271, -4.57315873e-005, 0.000420432887, 4.59104012e-005, -0.999996901, -1.53951878e-005)
    o50.BottomSurface = Enum.SurfaceType.Smooth
    o50.TopSurface = Enum.SurfaceType.Smooth
    o50.Color = Color3.new(0.105882, 0.164706, 0.207843)
    o50.Position = Vector3.new(59.7963982, 1.23474205, 192.362595)
    o51.Parent = o50
    o51.Scale = Vector3.new(0.285714298, 0.523809552, 0.238095239)
    o52.Name = "Part-to-Port Strong Joint"
    o52.Parent = o50
    o52.C0 = CFrame.new(-0.5, 0.5, 0.5, -1, 0, 0, 0, 0, 1, 0, 1, -0)
    o52.C1 = CFrame.new(-0.520986557, 0.467010498, 0.156845093, -0.965815187, -0.259224743, 4.81826173e-005, -0.259224653, 0.965815544, -3.01207638e-006, -4.59400871e-005, -1.53690817e-005, -0.999996901)
    o52.Part0 = o50
    o52.Part1 = o87
    o53.Parent = o1
    o53.BrickColor = BrickColor.new("Black")
    o53.Position = Vector3.new(59.7963982, 0.901830018, 191.743729)
    o53.Rotation = Vector3.new(92.499733, -89.9072189, 92.5024033)
    o53.Anchored = true
    o53.CanCollide = false
    o53.Elasticity = 0
    o53.FormFactor = Enum.FormFactor.Symmetric
    o53.Size = Vector3.new(1, 1, 1)
    o53.CFrame = CFrame.new(59.7963982, 0.901830018, 191.743729, -1.51542963e-005, -0.000346757675, -0.999998689, 4.36454284e-005, 0.999998331, -0.000346757763, 0.99999696, -4.38391435e-005, -1.51381428e-005)
    o53.BottomSurface = Enum.SurfaceType.Smooth
    o53.TopSurface = Enum.SurfaceType.Smooth
    o53.Color = Color3.new(0.105882, 0.164706, 0.207843)
    o53.Position = Vector3.new(59.7963982, 0.901830018, 191.743729)
    o54.Parent = o53
    o54.Scale = Vector3.new(0.238095239, 0.476190478, 0.190476194)
    o55.Parent = o1
    o55.BrickColor = BrickColor.new("Black")
    o55.Position = Vector3.new(59.7963982, 0.734970987, 191.600723)
    o55.Rotation = Vector3.new(92.499733, -89.9072189, 92.5024033)
    o55.Anchored = true
    o55.CanCollide = false
    o55.Elasticity = 0
    o55.FormFactor = Enum.FormFactor.Symmetric
    o55.Size = Vector3.new(1, 1, 1)
    o55.CFrame = CFrame.new(59.7963982, 0.734970987, 191.600723, -1.51542963e-005, -0.000346757675, -0.999998689, 4.36454284e-005, 0.999998331, -0.000346757763, 0.99999696, -4.38391435e-005, -1.51381428e-005)
    o55.BottomSurface = Enum.SurfaceType.Smooth
    o55.TopSurface = Enum.SurfaceType.Smooth
    o55.Color = Color3.new(0.105882, 0.164706, 0.207843)
    o55.Position = Vector3.new(59.7963982, 0.734970987, 191.600723)
    o56.Parent = o55
    o56.Scale = Vector3.new(0.0476190485, 0.142857149, 0.190476194)
    o57.Parent = o1
    o57.BrickColor = BrickColor.new("Black")
    o57.Position = Vector3.new(59.7963982, 1.18677402, 191.862274)
    o57.Rotation = Vector3.new(87.36203, -89.9051285, -2.63255858)
    o57.Anchored = true
    o57.CanCollide = false
    o57.Elasticity = 0
    o57.FormFactor = Enum.FormFactor.Symmetric
    o57.Size = Vector3.new(1, 1, 1)
    o57.CFrame = CFrame.new(59.7963982, 1.18677402, 191.862274, 0.000334117154, 1.53624314e-005, -0.999998629, -0.999998271, 4.57315873e-005, -0.000334115815, 4.59104012e-005, 0.999996901, 1.53940309e-005)
    o57.BottomSurface = Enum.SurfaceType.Smooth
    o57.TopSurface = Enum.SurfaceType.Smooth
    o57.Color = Color3.new(0.105882, 0.164706, 0.207843)
    o57.Position = Vector3.new(59.7963982, 1.18677402, 191.862274)
    o58.Parent = o57
    o58.Scale = Vector3.new(0.095238097, 0.476190478, 0.190476194)
    o59.Parent = o1
    o59.BrickColor = BrickColor.new("Black")
    o59.Position = Vector3.new(59.7963982, 1.02874994, 191.2724)
    o59.Rotation = Vector3.new(90.1920929, -89.9115295, 45.1911354)
    o59.Anchored = true
    o59.CanCollide = false
    o59.Elasticity = 0
    o59.FormFactor = Enum.FormFactor.Symmetric
    o59.Size = Vector3.new(1, 1, 1)
    o59.CFrame = CFrame.new(59.7963982, 1.02874994, 191.2724, 0.00023777863, -0.000239370362, -0.999998808, -0.707081556, 0.707129419, -0.000337401696, 0.707128465, 0.707080603, -1.13121314e-006)
    o59.BottomSurface = Enum.SurfaceType.Smooth
    o59.TopSurface = Enum.SurfaceType.Smooth
    o59.Color = Color3.new(0.105882, 0.164706, 0.207843)
    o59.Position = Vector3.new(59.7963982, 1.02874994, 191.2724)
    o60.Parent = o59
    o60.Scale = Vector3.new(0.0476190485, 0.428571433, 0.095238097)
    o61.Parent = o1
    o61.BrickColor = BrickColor.new("Black")
    o61.Position = Vector3.new(59.7963982, 1.24872303, 191.148514)
    o61.Rotation = Vector3.new(-90.0032425, -0.0197449103, -89.9991226)
    o61.Anchored = true
    o61.CanCollide = false
    o61.Elasticity = 0
    o61.FormFactor = Enum.FormFactor.Symmetric
    o61.Size = Vector3.new(1, 1, 1)
    o61.CFrame = CFrame.new(59.7963982, 1.24872303, 191.148514, 1.53733763e-005, 0.999998629, -0.000344613683, 5.61921843e-005, 0.000344612228, 0.99999845, 0.999996841, -1.53942347e-005, -5.65051087e-005)
    o61.BottomSurface = Enum.SurfaceType.Smooth
    o61.TopSurface = Enum.SurfaceType.Smooth
    o61.Color = Color3.new(0.105882, 0.164706, 0.207843)
    o61.Position = Vector3.new(59.7963982, 1.24872303, 191.148514)
    o62.Parent = o61
    o62.Scale = Vector3.new(0.190476194, 0.190476194, 0.190476194)
    o63.Parent = o1
    o63.BrickColor = BrickColor.new("Black")
    o63.Position = Vector3.new(59.7963982, 0.972872019, 191.600677)
    o63.Rotation = Vector3.new(89.9974899, 0.0233648326, 179.997375)
    o63.Anchored = true
    o63.CanCollide = false
    o63.Elasticity = 0
    o63.FormFactor = Enum.FormFactor.Symmetric
    o63.Size = Vector3.new(1, 1, 1)
    o63.CFrame = CFrame.new(59.7963982, 0.972872019, 191.600677, -0.999998629, -4.58807735e-005, 0.000407793239, -0.000407791493, -4.36752307e-005, -0.999998331, 4.58976283e-005, -0.999996901, 4.38391435e-005)
    o63.BottomSurface = Enum.SurfaceType.Smooth
    o63.TopSurface = Enum.SurfaceType.Smooth
    o63.Color = Color3.new(0.105882, 0.164706, 0.207843)
    o63.Position = Vector3.new(59.7963982, 0.972872019, 191.600677)
    o64.Parent = o63
    o64.Scale = Vector3.new(0.190476194, 0.0476190485, 0.333333343)
    o64.MeshType = Enum.MeshType.Wedge
    o65.Parent = o1
    o65.BrickColor = BrickColor.new("Black")
    o65.Position = Vector3.new(59.7963982, 1.18680406, 191.600357)
    o65.Rotation = Vector3.new(-90.006012, -0.023364298, -0.00436579948)
    o65.Anchored = true
    o65.CanCollide = false
    o65.Elasticity = 0
    o65.FormFactor = Enum.FormFactor.Symmetric
    o65.Size = Vector3.new(1, 1, 1)
    o65.CFrame = CFrame.new(59.7963982, 1.18680406, 191.600357, 0.999998808, 7.61974879e-005, -0.000407783926, 0.000407791376, -0.000104665582, 0.999998271, 7.61573901e-005, -0.99999702, -0.000104889099)
    o65.BottomSurface = Enum.SurfaceType.Smooth
    o65.TopSurface = Enum.SurfaceType.Smooth
    o65.Color = Color3.new(0.105882, 0.164706, 0.207843)
    o65.Position = Vector3.new(59.7963982, 1.18680406, 191.600357)
    o66.Parent = o65
    o66.Scale = Vector3.new(0.190476194, 0.0476190485, 0.095238097)
    o66.MeshType = Enum.MeshType.Wedge
    o67.Parent = o1
    o67.BrickColor = BrickColor.new("Black")
    o67.Position = Vector3.new(59.7963982, 1.37776804, 192.671585)
    o67.Rotation = Vector3.new(-92.0970917, 89.9051285, 2.09262466)
    o67.Anchored = true
    o67.CanCollide = false
    o67.Elasticity = 0
    o67.FormFactor = Enum.FormFactor.Symmetric
    o67.Size = Vector3.new(1, 1, 1)
    o67.CFrame = CFrame.new(59.7963982, 1.37776804, 192.671585, 0.000420434255, -1.53624314e-005, 0.999998629, -0.999998271, -4.57315873e-005, 0.000420432887, 4.59104012e-005, -0.999996901, -1.53951878e-005)
    o67.BottomSurface = Enum.SurfaceType.Smooth
    o67.TopSurface = Enum.SurfaceType.Smooth
    o67.Color = Color3.new(0.105882, 0.164706, 0.207843)
    o67.Position = Vector3.new(59.7963982, 1.37776804, 192.671585)
    o68.Parent = o67
    o68.Scale = Vector3.new(0.142857149, 0.095238097, 0.142857149)
    o69.Name = "Block"
    o69.Parent = o1
    o69.BrickColor = BrickColor.new("Black")
    o69.Position = Vector3.new(59.7963982, 1.09186399, 191.906616)
    o69.Rotation = Vector3.new(93.8753433, -89.9072189, -146.128876)
    o69.Anchored = true
    o69.CanCollide = false
    o69.Elasticity = 0
    o69.FormFactor = Enum.FormFactor.Plate
    o69.Size = Vector3.new(1, 0.400000006, 1)
    o69.CFrame = CFrame.new(59.7963982, 1.09186399, 191.906616, -0.000323262677, 0.000216987115, -0.999998689, 0.866047204, -0.499958873, -0.000388443208, -0.499958366, -0.866046071, -2.63134498e-005)
    o69.BottomSurface = Enum.SurfaceType.Smooth
    o69.TopSurface = Enum.SurfaceType.Smooth
    o69.Color = Color3.new(0.105882, 0.164706, 0.207843)
    o69.Position = Vector3.new(59.7963982, 1.09186399, 191.906616)
    o70.Parent = o69
    o70.Scale = Vector3.new(0.142857149, 0.0952381045, 0.0476190485)
    o71.Name = "NoSight"
    o71.Parent = o1
    o71.BrickColor = BrickColor.new("Black")
    o71.Position = Vector3.new(59.8725815, 1.47276294, 191.243576)
    o71.Rotation = Vector3.new(179.997513, -0.000881102751, 89.9818802)
    o71.Anchored = true
    o71.CanCollide = false
    o71.Elasticity = 0
    o71.FormFactor = Enum.FormFactor.Plate
    o71.Size = Vector3.new(1, 0.400000006, 1)
    o71.CFrame = CFrame.new(59.8725815, 1.47276294, 191.243576, 0.000316242484, -0.999998629, -1.53781439e-005, -0.999998331, -0.000316241261, -4.36454284e-005, 4.38391435e-005, 1.5393849e-005, -0.99999696)
    o71.BottomSurface = Enum.SurfaceType.Smooth
    o71.TopSurface = Enum.SurfaceType.Smooth
    o71.Color = Color3.new(0.105882, 0.164706, 0.207843)
    o71.Position = Vector3.new(59.8725815, 1.47276294, 191.243576)
    o72.Parent = o71
    o72.Scale = Vector3.new(0.190476194, 0.095238097, 0.190476194)
    o73.Name = "NoSight"
    o73.Parent = o1
    o73.BrickColor = BrickColor.new("Black")
    o73.Position = Vector3.new(59.8105545, 1.51075399, 192.186325)
    o73.Rotation = Vector3.new(-87.8741455, 89.9072189, 87.8717728)
    o73.Anchored = true
    o73.CanCollide = false
    o73.Elasticity = 0
    o73.FormFactor = Enum.FormFactor.Custom
    o73.Size = Vector3.new(0.200000003, 0.200000003, 0.200000003)
    o73.CFrame = CFrame.new(59.8105545, 1.51075399, 192.186325, 1.51542945e-005, -0.000407792773, 0.999998689, -4.36454284e-005, 0.999998331, 0.000407792832, -0.99999696, -4.38391435e-005, 1.51373351e-005)
    o73.BottomSurface = Enum.SurfaceType.Smooth
    o73.TopSurface = Enum.SurfaceType.Smooth
    o73.Color = Color3.new(0.105882, 0.164706, 0.207843)
    o73.Position = Vector3.new(59.8105545, 1.51075399, 192.186325)
    o74.Parent = o73
    o74.Scale = Vector3.new(0.333333224, 0.0476190485, 0.142857105)
    o74.MeshType = Enum.MeshType.Wedge
    o75.Name = "Ring"
    o75.Parent = o1
    o75.BrickColor = BrickColor.new("Black")
    o75.Position = Vector3.new(59.7963982, 1.11583996, 191.910538)
    o75.Rotation = Vector3.new(-96.4217224, 89.9051285, -83.5806656)
    o75.Anchored = true
    o75.CanCollide = false
    o75.Elasticity = 0
    o75.FormFactor = Enum.FormFactor.Symmetric
    o75.Size = Vector3.new(1, 1, 1)
    o75.CFrame = CFrame.new(59.7963982, 1.11583996, 191.910538, 4.58807735e-005, 0.000407793676, 0.999998629, 4.36752307e-005, -0.999998331, 0.000407791085, 0.999996901, 4.38391435e-005, -4.58976101e-005)
    o75.BottomSurface = Enum.SurfaceType.Smooth
    o75.TopSurface = Enum.SurfaceType.Smooth
    o75.Color = Color3.new(0.105882, 0.164706, 0.207843)
    o75.Position = Vector3.new(59.7963982, 1.11583996, 191.910538)
    o76.Parent = o75
    o76.MeshId = "http://www.roblox.com/asset/?id=3270017"
    o76.Scale = Vector3.new(0.285714298, 0.238095239, 0.238095239)
    o76.MeshType = Enum.MeshType.FileMesh
    o77.Name = "NoSight"
    o77.Parent = o1
    o77.BrickColor = BrickColor.new("Black")
    o77.Position = Vector3.new(59.782238, 1.51075399, 192.186325)
    o77.Rotation = Vector3.new(92.499733, -89.9072189, 92.5024033)
    o77.Anchored = true
    o77.CanCollide = false
    o77.Elasticity = 0
    o77.FormFactor = Enum.FormFactor.Custom
    o77.Size = Vector3.new(0.200000003, 0.200000003, 0.200000003)
